71804
71805
71806
71807
71808
71809
71810
71811
71812
71813
71814
71815
71816
71817
71818
71819
71820
71821
71822
71823
71824
71825
71826
71827
71828
71829
71830
71831
71832
71833
71834
71835
71836
71837
71838
71839
71840
71841
71842
71843
71844
71845
71846
71847
71848
71849
71850
71851
71852
71853
71854
71855
71856
71857
71858
71859
71860
71861
71862
72708
72709
72710
72711
72712
72713
72714
72715
72716
72717
72718
72719
72720
72721
72722
72723
72724
72725
72726
72727
72728
72729
72730
72731
72732
72733
72734
72735
72736
72737
72738
72739
72740
72741
72742
72743
72744
72745
72746
72747
72748
72749
72750
72751
72752
72753
72754
72755
72756
72757
72758
72759
72760
72761
72762
72763
72764
72765
72766
72767
72768
72769
72770
72771
72772
72773
72774
72775
72776
72777
72778
72779
72780
72781
72782
72783
72784
72785
72786
72787
72788
72789
72790
72791
72792
72793
72794
72795
72796
72797
72798
72799
72800
72801
72802
72803
72863
72864
72865
72866
72867
72868
72869
73704
73705
73706
73707
73708
73870
73871
73872
73873
73874
74699
74700
74701
74702
74703
74704
74705
74875
74876
74877
74878
74879
75696
75697
75698
75705
75880
75881
75882
75883
75884
75885
75886
76694
76695
76705
76887
76888
76889
76890
76891
76892
76893
76894
76895
76896
76897
76898
76989
76990
76991
76992
76993
76994
76995
76996
76997
76998
76999
77690
77691
77692
77693
77705
77899
77900
77901
77902
77903
77904
77905
77906
77907
77908
77909
77987
77988
78685
78686
78687
78688
78689
78705
78910
78911
78912
78913
78914
78915
78916
78917
78918
78919
78920
78921
78922
78923
78924
78925
78926
78927
78928
78929
78981
78982
78983
78984
78985
78986
79667
79668
79669
79670
79671
79672
79673
79674
79675
79676
79677
79678
79679
79680
79681
79682
79683
79684
79705
79930
79931
79932
79933
79934
79935
79936
79937
79938
79939
79940
79941
79942
79943
79944
79945
79946
79947
79948
79949
79950
79951
79952
79953
79954
79955
79956
79957
79958
79959
79960
79961
79962
79963
79964
79965
79966
79967
79968
79969
79970
79971
79972
79973
79974
79975
79976
79977
79978
79979
79980
80665
80666
80706
81649
81650
81651
81652
81653
81654
81655
81656
81657
81658
81659
81660
81661
81662
81663
81664
81706
82635
82636
82637
82638
82639
82640
82641
82642
82643
82644
82645
82646
82647
82648
82706
82707
83616
83617
83618
83619
83620
83621
83622
83623
83624
83625
83626
83627
83628
83629
83630
83631
83632
83633
83634
83707
84604
84605
84606
84607
84608
84609
84610
84611
84612
84613
84614
84615
84708
85599
85600
85601
85602
85603
85708
86594
86595
86596
86597
86598
86708
87588
87589
87590
87591
87592
87593
87708
87709
88585
88586
88587
88709
88710
89584
89710
90579
90580
90581
90582
90583
90710
91574
91575
91576
91577
91578
91710
92572
92573
92710
93566
93567
93568
93569
93570
93571
93711
94564
94565
94711
95557
95558
95559
95560
95561
95562
95563
95711
95712
96551
96552
96553
96554
96555
96556
96712
96713
97544
97545
97546
97547
97548
97549
97550
97713
98527
98528
98529
98530
98531
98532
98533
98534
98535
98536
98537
98538
98539
98540
98541
98542
98543
98713
99520
99521
99522
99523
99524
99525
99526
99713
100515
100516
100517
100518
100519
100714
101509
101510
101511
101512
101513
101514
101714
102505
102506
102507
102508
102714
103502
103503
103504
103505
103714
104494
104495
104496
104497
104498
104499
104500
104501
104714
104715
104716
105491
105492
105493
105716
106487
106488
106489
106490
106716
107485
107486
107716
108483
108484
108716
109478
109479
109480
109481
109482
109717
110477
110717
111474
111475
111476
111717
112473
112718
113471
113472
113718
114469
114470
114718
115469
115718
116467
116468
116718
116719
117466
117719
118465
118720
119463
119464
119720
120462
120720
121460
121461
121720
122458
122459
122720
123457
123720
124455
124456
124720
125452
125453
125454
125721
126450
126451
126721
127449
127721
128448
128721
129448
129721
130446
130447
130721
131443
131444
131445
131721
131722
132443
132722
133440
133441
133442
133722
134438
134439
134722
135437
135722
136436
136722
137435
137722
138433
138434
138722
139430
139431
139432
139722
140000
140428
140429
140722
141001
141002
141427
141722
142003
142425
142426
142721
142722
143004
143005
143423
143424
143721
144006
144421
144422
144721
145007
145419
145420
145721
146008
146417
146418
146721
147009
147413
147414
147415
147416
147721
148010
148011
148411
148412
148721
149012
149013
149410
149721
150014
150015
150409
150721
151016
151406
151407
151408
151720
152017
152402
152403
152404
152405
152720
153018
153019
153400
153401
153720
154020
154021
154398
154399
154719
155022
155023
155394
155395
155396
155397
155719
156024
156392
156393
156719
157025
157026
157390
157391
157719
158027
158028
158386
158387
158388
158389
158719
159029
159030
159383
159384
159385
159719
160031
160032
160381
160382
160718
161033
161378
161379
161380
161718
162034
162035
162376
162377
162718
163036
163037
163370
163371
163372
163373
163374
163375
163718
164038
164039
164040
164366
164367
164368
164369
164717
164718
165041
165042
165043
165364
165365
165717
166044
166045
166361
166362
166363
166717
167046
167358
167359
167360
167716
168047
168048
168353
168354
168355
168356
168357
168716
169049
169050
169350
169351
169352
169716
170051
170052
170348
170349
170716
171053
171054
171343
171344
171345
171346
171347
171716
172055
172056
172341
172342
172715
172716
173057
173058
173338
173339
173340
173715
174059
174060
174061
174332
174333
174334
174335
174336
174337
174714
174715
175062
175063
175064
175327
175328
175329
175330
175331
175714
176065
176066
176067
176068
176325
176326
176714
177069
177070
177071
177320
177321
177322
177323
177324
177714
178072
178073
178074
178314
178315
178316
178317
178318
178319
178714
179075
179076
179077
179078
179310
179311
179312
179313
179714
180079
180080
180081
180082
180308
180309
180714
181083
181084
181305
181306
181307
181713
182085
182086
182299
182300
182301
182302
182303
182304
182713
183087
183088
183297
183298
183713
184089
184090
184091
184092
184295
184296
184713
185093
185094
185095
185096
185293
185294
185713
186097
186098
186099
186291
186292
186713
187100
187101
187102
187103
187104
187105
187106
187288
187289
187290
187712
188107
188108
188109
188285
188286
188287
188710
188711
188712
189110
189111
189112
189113
189283
189284
189710
190114
190115
190116
190117
190118
190277
190278
190279
190280
190281
190282
190710
191119
191120
191121
191122
191123
191124
191125
191126
191127
191275
191276
191710
192128
192129
192130
192131
192132
192133
192134
192135
192272
192273
192274
192710
193136
193137
193138
193139
193140
193141
193142
193143
193270
193271
193710
194144
194145
194269
194710
195146
195147
195148
195149
195150
195151
195152
195153
195154
195268
195709
196155
196156
196157
196158
196263
196264
196265
196266
196267
196268
196708
197159
197160
197161
197162
197262
197263
197268
197708
198163
198164
198165
198166
198253
198254
198255
198256
198257
198258
198259
198260
198261
198268
198708
199167
199168
199169
199170
199171
199172
199249
199250
199251
199252
199268
199708
200173
200174
200175
200176
200177
200178
200179
200180
200248
200249
200268
200707
200708
201181
201182
201183
201184
201185
201186
201243
201244
201245
201246
201247
201268
201707
202187
202188
202189
202190
202191
202192
202234
202235
202236
202237
202238
202239
202240
202241
202242
202268
202707
203193
203194
203195
203196
203197
203198
203199
203200
203201
203202
203203
203204
203205
203206
203207
203208
203209
203210
203211
203212
203213
203214
203215
203216
203217
203218
203219
203220
203221
203222
203223
203224
203225
203226
203227
203228
203229
203230
203231
203232
203233
203268
203707
204268
204706
204707
205268
205706
206268
206706
207269
207706
208269
208705
208706
209269
209705
210269
210704
211269
211704
212269
212704
213269
213704
214269
214703
215269
215703
216269
216702
216703
217269
217702
218269
218702
219269
219702
220269
220702
221269
221701
222268
222269
222701
223268
223701
224268
224700
225268
225700
226267
226268
226699
227267
227699
228267
228699
229267
229699
230266
230267
230698
230699
231266
231698
232266
232698
233266
233697
234266
234697
235266
235697
236265
236266
236696
236697
237265
237696
238264
238696
239264
239696
240264
240695
240696
241263
241264
241695
242263
242695
243263
243695
244262
244263
244695
245262
245695
246262
246694
247262
247694
248261
248262
248694
249261
249694
250261
250693
250694
251260
251693
252260
252693
253260
253693
254259
254693
255259
255693
256258
256693
257257
257693
258257
258693
259257
259693
260256
260692
261256
261692
262255
262256
262692
263254
263255
263692
264254
264692
265254
265692
266253
266254
266692
267253
267692
268252
268253
268692
269252
269692
270251
270252
270692
271251
271692
272250
272251
272692
273250
273692
274250
274692
275249
275692
276249
276692
277249
277692
278248
278249
278692
279247
279692
280247
280692
281247
281692
282246
282692
283246
283692
284246
284692
285245
285692
286245
286692
287244
287692
288244
288692
289243
289692
290242
290692
291242
291692
292241
292242
292692
293241
293692
294240
294241
294693
295240
295693
296239
296240
296693
297239
297693
298238
298694
299237
299694
300237
300694
300695
301237
301695
302236
302695
303235
303695
304234
304235
304695
304696
305234
305696
306234
306696
307233
307696
307697
308232
308697
308698
309232
309698
310231
310698
310699
311231
311699
311700
312230
312700
312701
313229
313701
313702
314228
314702
315228
315703
316227
316228
316703
317226
317227
317703
318226
318703
319225
319703
320224
320704
321224
321704
322222
322223
322705
323222
323705
324222
324705
325221
325705
326221
326705
327220
327705
328219
328220
328705
329218
329219
329703
329705
330217
330218
330700
330701
330702
330703
330705
331217
331696
331697
331698
331699
331705
332215
332216
332690
332691
332692
332693
332694
332695
332696
332705
332706
333215
333688
333689
333690
333706
334214
334684
334685
334686
334687
334706
335213
335214
335681
335682
335683
335706
336212
336213
336680
336706
337212
337677
337678
337679
337706
338210
338211
338212
338674
338675
338676
338706
339210
339672
339673
339674
339706
340208
340209
340210
340670
340671
340672
340706
341208
341669
341706
342206
342207
342208
342666
342667
342668
342706
343206
343665
343706
344205
344206
344661
344662
344663
344664
344706
345204
345205
345661
345706
346203
346658
346659
346660
346706
347202
347203
347656
347657
347706
348201
348202
348652
348653
348654
348655
348656
348706
348707
349200
349201
349651
349652
349707
350198
350199
350648
350649
350650
350651
350707
351198
351645
351646
351647
351707
352196
352197
352198
352644
352645
352707
353196
353641
353642
353643
353644
353707
354194
354195
354196
354640
354641
354707
355193
355194
355638
355639
355707
356192
356193
356635
356636
356637
356638
356708
357191
357633
357634
357635
357708
358189
358190
358630
358631
358632
358633
358708
359187
359188
359629
359630
359708
360187
360626
360627
360628
360708
361185
361186
361625
361626
361708
362184
362185
362624
362708
363182
363183
363622
363623
363708
364181
364182
364622
364708
365180
365181
365620
365621
365708
366180
366618
366619
366708
367178
367179
367618
367708
368176
368177
368178
368616
368617
368618
368708
369175
369614
369615
369616
369709
370173
370174
370175
370612
370613
370614
370709
370710
371171
371172
371173
371612
371710
372170
372172
372173
372608
372609
372610
372611
372612
372710
373169
373172
373608
373710
374166
374167
374168
374172
374606
374607
374710
375166
375172
375604
375605
375711
376165
376166
376172
376603
376604
376711
377163
377164
377165
377171
377601
377602
377603
377711
378162
378163
378171
378599
378600
378601
378711
379160
379161
379170
379171
379599
379712
380159
380160
380170
380596
380597
380598
380712
381157
381158
381159
381170
381595
381712
382156
382157
382170
382593
382594
382713
382714
383155
383156
383169
383170
383593
383714
384153
384154
384155
384169
384592
384714
385152
385153
385169
385589
385590
385591
385714
386151
386152
386169
386587
386588
386714
386715
387150
387151
387169
387587
387716
388148
388149
388150
388168
388169
388584
388585
388586
388716
389148
389168
389583
389716
390146
390147
390168
390582
390717
390718
391146
391168
391580
391581
391718
392144
392145
392146
392168
392578
392579
392580
392718
393143
393168
393577
393718
393719
394142
394167
394168
394574
394575
394576
394577
394719
395141
395167
395574
395720
396139
396140
396166
396167
396570
396571
396572
396573
396574
396720
397139
397166
397570
397720
397721
398137
398138
398166
398569
398570
398721
398722
399135
399136
399166
399566
399567
399568
399722
400135
400166
400564
400565
400722
401133
401134
401135
401166
401564
401723
402132
402166
402562
402563
402723
403130
403131
403166
403561
403562
403723
404128
404129
404130
404166
404560
404724
405127
405128
405166
405559
405725
406126
406127
406166
406558
406559
406726
407126
407166
407557
407558
407726
408124
408125
408126
408166
408554
408555
408556
408726
408727
409123
409124
409166
409554
409727
410122
410166
410553
410554
410727
410728
411121
411122
411166
411551
411552
411728
411729
412120
412166
412549
412550
412729
413119
413166
413549
413729
414117
414118
414166
414548
414729
414730
415116
415117
415166
415547
415730
416115
416116
416165
416166
416546
416731
417114
417115
417165
417546
417731
418113
418114
418165
418545
418546
418731
418732
419111
419112
419165
419544
419732
420111
420165
420543
420544
420732
421110
421111
421165
421541
421542
421733
422108
422109
422110
422165
422541
422733
422734
423108
423165
423540
423734
424107
424108
424165
424538
424539
424540
424734
425106
425107
425165
425537
425734
426105
426106
426165
426536
426734
426735
427104
427165
427534
427535
427735
428102
428103
428104
428164
428165
428532
428533
428736
429101
429102
429164
429532
429736
430100
430163
430164
430530
430531
430736
431099
431100
431163
431529
431530
431736
431737
432098
432099
432163
432528
432737
432738
433097
433163
433527
433738
434096
434097
434163
434526
434738
435094
435095
435096
435163
435525
435738
436094
436163
436522
436523
436524
436738
436739
437092
437093
437163
437522
437739
438092
438163
438520
438521
438522
438740
439091
439163
439519
439741
440088
440089
440090
440163
440518
440742
441088
441163
441517
441742
441743
442086
442087
442163
442514
442515
442516
442743
442744
443085
443163
443514
443744
444084
444163
444512
444513
444514
444744
444745
445082
445083
445163
445511
445745
445746
446081
446082
446163
446509
446510
446746
446747
447079
447080
447081
447163
447509
447747
448079
448163
448506
448507
448508
448747
448748
449077
449078
449163
449506
449748
450076
450077
450163
450504
450505
450506
450749
450750
451074
451075
451163
451502
451503
451750
452073
452163
452502
452750
453071
453072
453073
453163
453499
453500
453501
453751
453752
454070
454071
454163
454497
454498
454752
454753
454754
455069
455163
455497
455754
456068
456163
456164
456496
456754
457067
457164
457494
457495
457755
458065
458066
458164
458494
458756
459064
459065
459164
459493
459757
459758
459759
460062
460063
460064
460164
460490
460491
460492
460759
461062
461164
461489
461490
461759
462061
462062
462164
462165
462486
462487
462488
462760
462761
462762
463060
463061
463165
463486
463762
464059
464060
464165
464484
464485
464762
464763
464764
465058
465059
465165
465166
465483
465484
465764
466056
466057
466058
466166
466482
466765
466766
467055
467056
467166
467481
467766
467767
468055
468166
468167
468478
468479
468480
468767
468768
469053
469054
469167
469478
469768
469769
470050
470051
470052
470167
470477
470478
470768
470770
471050
471167
471475
471476
471768
471770
472048
472049
472050
472167
472168
472474
472768
472769
472770
472771
472772
473047
473048
473168
473472
473473
473769
473773
473774
474046
474168
474470
474471
474769
474774
474775
475044
475045
475168
475469
475470
475769
475775
475776
476044
476168
476169
476468
476769
476776
476777
476778
477044
477169
477170
477466
477467
477769
477778
478044
478170
478465
478466
478769
478778
478779
478780
479042
479043
479170
479464
479769
479781
479782
480042
480170
480462
480463
480464
480769
480783
480784
481041
481170
481460
481461
481769
481784
482039
482040
482170
482458
482459
482769
482785
482786
483039
483171
483457
483458
483769
483787
484038
484039
484171
484454
484455
484456
484769
484788
485037
485171
485453
485454
485769
485789
485790
486037
486171
486450
486451
486452
486769
486790
486791
486792
486793
487036
487172
487448
487449
487769
487793
488036
488172
488173
488446
488447
488448
488769
488794
488795
488796
489034
489035
489173
489442
489443
489444
489445
489769
489796
489797
490034
490173
490440
490441
490442
490769
490798
490799
491033
491173
491174
491437
491438
491439
491769
491800
492032
492033
492174
492436
492769
492800
492801
492802
493031
493032
493175
493434
493435
493769
493803
494030
494031
494175
494176
494177
494178
494430
494431
494432
494433
494434
494769
494804
495030
495175
495178
495179
495429
495769
495805
495806
495807
495808
496029
496030
496175
496180
496181
496182
496183
496184
496424
496425
496426
496427
496428
496769
496808
496809
496810
497028
497029
497175
497184
497185
497422
497423
497424
497769
497811
498028
498175
498186
498187
498420
498421
498422
498769
498812
498813
498814
499028
499175
499188
499419
499769
499815
499816
500027
500028
500175
500176
500188
500189
500190
500416
500417
500418
500769
500770
500816
500817
500818
501026
501027
501176
501191
501192
501193
501412
501413
501414
501415
501770
501819
501820
502026
502177
502194
502195
502410
502411
502770
502821
502822
503025
503177
503196
503197
503198
503407
503408
503409
503770
503823
504024
504177
504198
504199
504200
504402
504403
504404
504405
504406
504770
504824
505024
505177
505201
505202
505401
505402
505770
505825
505826
506024
506177
506202
506203
506204
506205
506206
506398
506399
506400
506770
506826
506827
506828
506829
506830
507023
507177
507206
507207
507395
507396
507397
507398
507770
507830
507831
507832
508022
508178
508208
508209
508210
508392
508393
508394
508770
508832
508833
508834
509022
509178
509211
509212
509213
509391
509392
509770
509835
509836
510021
510022
510178
510213
510214
510215
510216
510385
510386
510387
510388
510389
510390
510770
510837
510838
511021
511179
511216
511217
511218
511219
511383
511384
511770
511839
511840
512020
512021
512179
512220
512221
512222
512380
512381
512382
512770
512840
512841
512842
513020
513179
513223
513376
513377
513378
513379
513380
513769
513843
513844
514019
514179
514224
514225
514226
514372
514373
514374
514375
514769
514845
514846
515019
515180
515226
515227
515228
515229
515230
515231
515365
515366
515367
515368
515369
515370
515371
515768
515847
515848
515849
516019
516180
516232
516362
516363
516364
516768
516850
516851
516852
517019
517180
517233
517234
517235
517360
517361
517362
517768
517853
517854
517855
517856
518017
518018
518180
518236
518237
518238
518239
518240
518241
518242
518352
518353
518354
518355
518356
518357
518358
518359
518766
518767
518857
518858
519017
519180
519242
519243
519244
519245
519246
519247
519248
519347
519348
519349
519350
519351
519766
519859
519860
519861
520016
520180
520248
520249
520250
520251
520252
520253
520254
520255
520256
520257
520258
520259
520260
520261
520262
520340
520341
520342
520343
520344
520345
520346
520766
520862
520863
520864
521015
521180
521262
521263
521264
521265
521266
521267
521268
521269
521270
521271
521272
521273
521274
521275
521276
521277
521278
521279
521280
521281
521282
521283
521323
521324
521325
521326
521327
521328
521329
521330
521331
521332
521333
521334
521335
521336
521337
521338
521339
521766
521864
521865
522014
522181
522284
522285
522286
522287
522288
522289
522290
522291
522292
522293
522294
522295
522296
522297
522298
522299
522300
522301
522302
522303
522304
522305
522306
522307
522308
522309
522310
522311
522312
522313
522314
522315
522316
522317
522318
522319
522320
522321
522322
522765
522766
522866
522867
522868
523014
523181
523765
523869
523870
524013
524014
524182
524764
524870
524871
524872
524873
524874
525013
525182
525764
525875
525876
526012
526182
526764
526877
526878
527011
527182
527763
527879
527880
527881
527882
528010
528011
528182
528762
528763
528882
528883
528884
528885
528886
529010
529182
529183
529762
529886
529887
530010
530183
530762
530888
530889
530890
531010
531183
531761
531891
531892
532008
532009
532010
532184
532760
532761
532892
532893
532894
533008
533184
533760
533895
533896
533897
533898
533899
533900
534008
534184
534760
534901
534902
535007
535008
535184
535759
535903
535904
536007
536184
536758
536904
536905
536906
536907
536908
536909
536910
537006
537007
537184
537758
537910
537911
538006
538185
538758
538912
538913
538914
539006
539185
539757
539915
539916
540005
540006
540185
540756
540916
540917
540918
540919
540920
541004
541005
541185
541756
541920
541921
541922
541923
541924
542004
542185
542186
542754
542755
542925
542926
543004
543186
543754
543927
543928
543929
544003
544004
544186
544754
544930
545003
545186
545753
545930
545931
545932
545933
546003
546186
546752
546934
547002
547003
547186
547752
547935
547936
547937
548001
548002
548186
548751
548752
548938
549001
549187
549751
549939
549940
550001
550187
550750
550941
550942
551001
551187
551749
551943
552000
552001
552187
552748
552749
552944
553000
553187
553748
553945
553946
553947
554000
554187
554748
554948
554949
554950
555000
555187
555747
555950
556188
556747
556950
556951
556952
557188
557747
557952
557953
557954
558188
558745
558746
558954
559188
559744
559745
559955
560188
560742
560743
560744
560956
560957
560958
561188
561742
561744
561958
561959
562188
562742
562744
562959
563188
563741
563744
563960
563961
564188
564189
564740
564741
564742
564743
564744
564962
565189
565740
565742
565963
565964
566189
566738
566739
566740
566742
566965
567189
567738
567742
567965
568189
568737
568738
568741
568742
568966
569189
569737
569741
569967
569968
570189
570736
570740
570969
570970
571189
571734
571735
571740
571970
572189
572734
572739
572740
572971
572972
573189
573733
573739
573972
574189
574732
574739
574973
575189
575731
575739
575973
575974
575975
576189
576730
576739
576975
576976
577189
577729
577737
577738
577976
578189
578729
578737
578976
578977
578978
579189
579728
579737
579978
580189
580727
580728
580737
580978
580979
580980
581189
581726
581737
581981
581982
582189
582725
582726
582736
582982
582983
583189
583724
583736
583983
584189
584723
584724
584736
584984
585189
585722
585736
585985
585986
586189
586721
586722
586735
586986
586987
586988
587189
587720
587735
587988
588189
588720
588735
588988
588989
589189
589718
589719
589735
589989
589990
589991
590189
590717
590718
590735
590991
590992
591189
591716
591735
591992
592189
592714
592715
592716
592735
592992
592993
592994
593189
593714
593735
593994
593995
594189
594714
594734
594735
594995
594996
595189
595712
595713
595734
595996
595997
596189
596712
596734
596998
596999
597189
597710
597711
597734
597999
598189
598710
598733
598734
599189
599708
599709
599733
600189
600707
600708
600733
601189
601706
601733
602189
602705
602706
602733
603189
603704
603733
604189
604702
604703
604704
604733
605189
605702
605733
606189
606701
606702
606733
607189
607700
607732
608189
608698
608699
608700
608732
609189
609698
609732
610189
610697
610698
610732
611189
611696
611732
612189
612694
612695
612696
612732
613189
613694
613731
614188
614692
614693
614694
614731
615188
615692
615731
616188
616690
616691
616692
616731
617188
617690
617731
618188
618690
618731
619187
619688
619689
619731
620187
620688
620731
621187
621687
621731
622186
622187
622686
622731
623186
623686
623731
624186
624684
624685
624686
624731
625186
625684
625731
626185
626186
626682
626683
626731
627185
627682
627731
628185
628680
628681
628731
629185
629680
629731
630184
630680
630730
631184
631679
631730
632184
632678
632730
633184
633678
633730
634183
634677
634678
634730
635183
635677
635730
636182
636183
636675
636676
636730
637182
637183
637675
637730
638182
638674
638730
639182
639673
639730
640182
640672
640673
640730
641181
641183
641672
641730
642181
642183
642672
642730
643180
643181
643183
643671
643730
644180
644183
644671
644730
645180
645183
645670
645730
646180
646183
646669
646670
646730
647179
647184
647669
647730
648178
648184
648668
648730
649178
649184
649668
649730
650178
650184
650666
650667
650730
651177
651178
651184
651666
651730
652176
652177
652184
652185
652666
652730
653176
653185
653666
653730
654176
654185
654665
654666
654730
655176
655185
655665
655730
656175
656176
656186
656664
656730
657175
657187
657663
657730
658174
658187
658663
658730
659174
659187
659663
659730
660174
660187
660662
660730
661174
661187
661661
661730
662173
662174
662187
662661
662730
663172
663173
663188
663660
663730
664172
664188
664660
664730
665172
665188
665659
665730
666172
666188
666659
666730
667171
667188
667659
667730
668171
668188
668189
668658
668730
669171
669189
669658
669730
670171
670190
670657
670658
670730
671170
671171
671190
671657
671730
672170
672190
672656
672657
672730
673169
673191
673656
673730
674169
674191
674655
674730
674731
675169
675191
675655
675731
676168
676169
676192
676654
676731
677168
677192
677654
677731
678168
678193
678654
678731
679167
679193
679653
679731
680166
680167
680194
680652
680653
680731
681166
681194
681652
681731
682166
682194
682195
682652
682731
683165
683196
683652
683731
684164
684165
684196
684651
684652
684731
685164
685196
685651
685731
686164
686196
686650
686651
686731
687163
687196
687650
687731
688163
688196
688197
688198
688649
688650
688731
689163
689198
689649
689731
690162
690198
690649
690731
691161
691198
691649
691731
692161
692198
692199
692648
692731
693161
693199
693648
693731
694161
694200
694648
694732
695161
695201
695647
695648
695732
696160
696161
696201
696202
696647
696732
697160
697202
697646
697647
697732
698160
698202
698646
698732
699159
699202
699646
699732
700158
700159
700202
700203
700204
700646
700732
701158
701204
701645
701732
702158
702205
702206
702732
703158
703206
703732
704157
704158
704206
704732
705157
705206
705732
706156
706206
706732
707156
707207
707732
708156
708208
708732
709155
709156
709208
709733
710155
710209
710733
710734
711155
711209
711734
712154
712155
712210
712734
713154
713210
713734
714153
714154
714210
714211
714734
715153
715211
715735
716153
716212
716735
717153
717212
717735
718152
718213
718735
719152
719213
719736
720152
720214
720736
721152
721215
721736
722151
722152
722215
722736
723151
723216
723736
724151
724216
724736
724737
725151
725217
725737
726150
726151
726217
726218
726737
726738
727150
727218
727738
728150
728219
728738
729150
729219
729739
730149
730150
730220
730739
731149
731221
731740
732149
732221
732740
733149
733222
733740
734148
734149
734222
734223
734740
735148
735224
735740
736148
736224
736740
736741
737148
737224
737741
738147
738225
738226
738742
739147
739226
739742
740147
740226
740742
740743
741147
741227
741743
742147
742228
742743
743147
743228
743744
744147
744228
744229
744744
745147
745230
745744
746147
746230
746231
746745
747147
747232
747745
748147
748232
748746
749147
749233
749234
749746
750147
750234
750235
750746
750747
751147
751235
751748
752147
752236
752748
752749
753147
753237
753749
754147
754238
754750
755147
755239
755750
756147
756148
756239
756240
756750
756751
756752
757148
757240
757752
758148
758240
758752
759148
759241
759242
759753
760148
760243
760244
760753
760754
761148
761244
761754
762148
762245
762246
762754
763148
763246
763754
764148
764247
764248
764754
764755
765148
765248
765755
766148
766249
766250
766756
767148
767251
767757
768148
768251
768252
768757
768758
769149
769252
769758
770149
770253
770254
770758
771149
771254
771759
772150
772254
772759
772760
773150
773254
773255
773256
773760
774150
774256
774760
775151
775256
775257
775761
776151
776258
776761
777151
777258
777762
778151
778258
778259
778260
778762
778763
779151
779261
779262
779763
780151
780263
780764
781151
781263
781764
782151
782264
782765
782766
783151
783264
783766
784151
784152
784264
784265
784266
784766
785152
785267
785268
785767
786152
786269
786270
786768
787153
787271
787768
788153
788272
788768
788769
788770
789153
789273
789770
790153
790154
790274
790770
791154
791274
791771
792154
792274
792275
792276
792772
793154
793276
793277
793772
794154
794278
794279
794773
794774
795154
795280
795774
796154
796280
796281
796774
797154
797282
797775
798154
798282
798283
798775
799154
799284
799285
799776
799777
800154
800285
800778
801154
801286
801778
802154
802155
802286
802287
802778
803155
803288
803289
803779
804155
804290
804779
804780
805155
805291
805780
806155
806291
806781
806782
807155
807292
807782
808155
808292
808293
808783
809155
809294
809295
809783
810155
810296
810784
811155
811297
811784
812155
812298
812784
812785
812786
813155
813299
813786
814156
814299
814300
814786
815156
815301
815786
816156
816301
816786
817156
817301
817302
817787
818156
818302
818788
819156
819303
819304
819788
820156
820304
820788
820789
821156
821304
821790
822156
822304
822305
822306
822790
822791
823156
823307
823792
824156
824307
824792
824793
825156
825307
825308
825793
826156
826308
826794
827156
827308
827794
828156
828308
828309
828794
828795
828796
829156
829309
829796
830156
830310
830797
830798
831156
831311
831798
832156
832311
832799
833156
833311
833799
834156
834312
834800
835156
835313
835800
836156
836314
836800
836801
837156
837314
837801
838314
838315
838802
839316
839803
839804
840316
840317
840804
840805
840806
841317
841318
841807
842318
842319
842807
843319
843808
844320
844808
844809
844810
845320
845810
846321
846322
846810
847322
847810
848322
848810
848811
848812
849323
849812
850323
850812
851323
851324
851812
851813
851814
852324
852325
852814
853325
853814
854325
854814
854815
854816
855325
855816
856326
856816
857326
857817
858326
858327
858818
859327
859818
860328
860818
860819
860820
861328
861820
862329
862330
862821
862822
863330
863822
864330
864823
865331
865823
866331
866824
867331
867824
868332
868824
868825
868826
869333
869827
870333
870827
871333
871828
872334
872828
872829
873335
873829
874335
874830
875335
875830
876336
876830
876831
877336
877831
878337
878831
879337
879832
880338
880832
880833
881339
881833
882339
882834
883339
883834
884339
884340
884834
884835
885340
885835
886340
886836
887340
887836
888340
888341
888342
888836
888837
888838
889342
889838
890342
890838
891343
891839
892344
892839
892840
893345
893840
894345
894346
894841
895346
895841
896346
896842
897347
897842
898347
898842
899347
899843
900347
900348
900844
901348
901844
902349
902845
903349
903845
904349
904350
904845
905350
905846
906350
906846
906847
907351
907847
908351
908352
908848
909352
909848
910353
910354
910848
911354
911848
912354
912848
912849
912850
913355
913850
914355
914850
915356
915850
916356
916357
916358
916850
917358
917850
918358
918850
918851
918852
919359
919853
920360
920853
921361
921853
922361
922854
923361
923855
924361
924855
925362
925855
926362
926363
926855
927363
927364
927365
927855
928365
928856
929365
929366
929857
930366
930367
930858
931367
931858
932368
932858
932859
933368
933859
934368
934369
934370
934371
934859
935371
935860
936372
936860
936861
937373
937374
937861
938374
938375
938862
939375
939862
940376
940862
941377
941862
942377
942378
942862
942863
942864
943379
943864
944380
944864
945380
945864
946381
946382
946865
947382
947865
948383
948384
948865
949384
949866
950385
950386
950866
950867
951386
951868
952387
952388
952868
953388
953868
954388
954869
955389
955869
956390
956869
956870
957391
957392
957870
958393
958394
958870
959394
959870
960395
960396
960870
960871
961396
961871
962397
962398
962871
963399
963871
963872
964399
964400
964872
965400
965401
965872
966401
966402
966872
967402
967872
967873
968403
968404
968873
968874
969404
969874
969875
970405
970406
970875
971407
971408
971875
972408
972409
972875
972876
973410
973411
973876
974412
974876
974877
975413
975877
976414
976877
976878
977415
977416
977417
977878
978417
978418
978878
979418
979419
979420
979879
980420
980421
980879
981421
981422
981879
981880
982422
982423
982424
982880
983425
983880
984426
984880
985427
985428
985880
986428
986429
986430
986880
987430
987880
988431
988432
988880
988881
989432
989881
990433
990434
990881
991434
991881
992435
992436
992882
993436
993437
993882
994438
994439
994882
994883
995440
995441
995883
996442
996883
997443
997444
997883
998445
998446
998883
998884
999446
999447
